0
10
100
1000
1002
1003
1004
1006
1007
1009
1011
1012
1016
1017
1018
1019
1022
1025
1026
1027
1028
1032
1033
1037
1038
1039
104
1040
1041
1044
1046
1047
1049
105
1051
1052
1055
1057
1058
1059
106
1060
1061
1062
107
1073
1076
1077
1079
1080
1081
1083
1084
1085
1087
1088
1089
109
1092
1093
1096
1097
1099
110
1100
1101
1102
1104
1107
1109
1110
1115
1116
1123
1130
1131
1133
1142
1143
1146
115
1150
1151
117
1171
1173
1178
1179
118
1180
1183
1185
1187
1189
119
1190
1195
1197
1200
1201
1204
1205
1207
1211
1212
1214
1216
1219
122
1220
1221
1222
1223
1225
1226
1227
1228
1229
123
1230
1231
1232
1235
1236
1238
1239
1240
1241
1242
1247
1256
1257
1259
126
1264
127
1271
1272
1273
1277
128
1280
1281
1282
1283
1286
1287
1288
1294
1296
1298
1299
13
1300
1301
1302
1304
1305
131
1310
1312
1314
1315
1317
1318
132
1321
1323
1324
1325
1326
1328
1330
1332
1336
1338
1342
1345
1346
1347
1349
1350
1353
1355
1358
1360
1362
1363
1366
1367
1368
137
1370
1372
1374
1375
1377
1379
1380
1382
1386
1387
1388
139
1391
1392
1393
1394
1395
1396
1397
1398
14
140
1401
1403
1405
1408
1412
1414
1416
1420
1422
1423
1425
1426
143
1430
1431
1432
1433
1434
1438
144
1440
1441
1443
1446
145
146
1460
1461
147
1473
1478
1479
1481
1483
1484
1490
1495
1497
1499
150
1501
1502
1503
1506
151
1515
152
1525
1526
1529
153
1536
1538
1541
1542
1543
1544
1546
1547
1550
1551
1559
1560
1561
1562
1563
1574
1575
1580
1583
1586
1587
1589
1594
1596
1597
1598
1599
1600
1602
1618
1619
1621
1627
1630
1631
1633
1635
1636
1638
1639
1640
1642
1644
1645
1646
1647
1653
1654
1655
1656
1657
1658
1660
1661
1663
1669
167
1670
1678
1679
168
1680
1697
1698
1704
1706
1708
1712
1713
1714
1717
1719
172
1721
1722
1723
1724
1725
1727
1728
173
1735
1736
174
1742
1743
1746
1747
1753
1754
1755
1756
1757
1760
1762
177
1771
1772
1778
178
1781
1784
1786
1787
1790
1791
1792
1793
1799
180
1800
1802
1803
1805
1806
1809
181
1813
1815
1816
1817
1819
1821
183
184
1844
1847
185
1850
1854
1855
1857
1860
1861
1863
1866
1868
187
1871
1872
1877
1878
1880
1881
1882
1884
1886
1887
1888
1889
189
1891
1893
1894
1895
1896
1897
19
1901
1902
1903
1904
1905
1906
1907
1908
1909
191
1911
1912
1913
1916
1918
1919
192
1920
1923
1924
1925
193
1932
1933
1935
1937
1940
1941
1943
195
1950
1951
1952
1953
1954
1956
196
1961
1962
1963
1964
1965
1966
1967
1968
1970
1976
1978
198
1980
1987
1988
1989
1990
1992
1994
1995
1998
1999
2
2000
2003
2004
2006
201
2010
2012
2015
2017
2018
2019
202
2021
2022
2023
2024
2025
2027
2028
2029
2031
2033
2034
2035
2037
2038
204
2042
2046
2055
206
2079
208
2080
2082
2083
2084
2086
2087
2089
209
2090
2092
2098
2100
2101
2102
2103
2104
2105
2106
2108
2112
2113
2114
2116
2118
2119
2120
2122
2123
2124
2125
2126
2127
2128
2130
2132
2135
2136
214
2140
2141
2142
2143
2145
2146
2147
2151
2152
2153
2154
2155
2157
216
2161
2162
2165
2168
2169
2170
2176
2177
2178
2179
2180
2181
2182
2183
2184
2185
2186
2187
2188
2189
2190
2192
2194
2195
2197
2199
2200
2208
2209
2211
2212
2213
2216
2217
2218
2220
2221
2224
2225
2229
2230
2233
2234
2235
2236
2237
2239
2240
2248
2250
2251
2254
2255
2256
2257
2258
2259
2260
2261
2267
2268
2270
2271
2275
23
2308
2310
2313
2314
2316
2317
2319
2321
2325
2327
2328
2331
2332
2333
2335
2336
2337
2339
2343
2345
2348
2349
2350
2352
2353
2355
2358
2360
2361
2364
2366
2368
2369
2371
2372
2373
2374
2375
2376
2381
2382
2384
2385
2386
2387
2388
2389
2390
2391
2394
2396
2397
2398
2399
24
240
2400
2403
2404
2405
2407
2409
2411
2413
2417
2418
2419
242
2421
2422
2423
2424
2428
2429
2431
2432
2434
2440
2442
2443
2445
2446
2450
2451
2456
2458
2463
2464
2466
2468
2473
2475
2477
2478
2479
2480
2481
2482
2483
2485
2486
2487
2488
249
2490
2491
2493
2495
250
2500
2501
2503
2547
2548
2552
2555
2558
2563
2564
2566
2567
2568
2569
2573
2575
2576
2578
2579
2580
2583
2585
2586
2587
2591
2592
2593
2595
2596
2597
2598
2600
2601
2602
2603
2605
2606
2607
2610
2613
2614
2615
2618
2619
2620
2624
2627
2628
2631
2632
2633
2634
2636
2637
2639
2640
2643
2650
2651
2652
2654
2656
2661
2662
2663
2664
2667
2668
2670
2671
2673
2676
2677
2680
2682
2683
2685
2686
2687
2688
2690
2694
2697
2698
2700
2702
2703
2705
2706
2709
2710
2712
2713
2714
2727
2730
274
275
2751
2752
2753
2754
276
2760
2761
2762
2763
2764
277
2771
2772
2773
2776
2777
2784
2789
2792
2801
2806
2809
2810
2811
2812
2813
2816
2817
2820
2822
2825
2826
2831
2833
2834
2836
2844
2845
2858
286
2864
2865
2871
2873
2876
2880
2881
2885
2888
2899
29
2900
2902
2904
2908
2911
2915
2917
2918
2921
2929
293
2930
2935
2936
2937
2938
2939
2940
2941
2943
2946
2947
295
2950
2953
2955
2957
2958
2959
2963
2964
2966
2967
2972
2975
2976
2978
2982
2989
2991
2997
2998
30
3002
3006
3018
3022
303
3033
3034
3036
3049
3050
3051
3052
3053
3055
306
3063
3068
307
3071
3080
3089
309
3090
3091
3092
3094
3095
3096
3098
31
310
3101
3102
311
3111
3115
3116
312
3121
3125
3127
313
3136
3138
314
3140
3160
3165
3167
3168
317
3170
3172
3177
3182
319
3192
3193
3194
3195
3196
3197
32
3203
3207
3210
3215
3216
3220
3224
3234
3235
3238
3239
324
3242
3243
3244
3245
3246
3247
3248
3249
325
3252
3255
3261
3262
3263
3264
3266
3267
3268
3269
3270
3277
3279
3280
33
330
3305
3306
332
3322
3329
333
3330
3339
3343
3345
3347
336
3364
3365
3366
3367
3370
3372
3379
3380
3389
339
3398
3401
3402
3405
3407
3408
3409
341
3410
3411
3413
3416
3421
3424
3425
343
3431
3432
3433
344
3446
345
346
3463
3464
3467
347
3474
349
3504
3505
3506
3507
3514
3515
3516
352
3531
3532
3538
354
3541
3551
3552
3553
3559
3560
3561
3566
357
3576
3577
3578
3582
3585
3587
3589
359
3591
3592
36
360
3607
3609
361
3610
3619
362
3620
3621
3622
3623
3624
3625
3628
3629
3630
3634
3637
3638
364
3640
3641
3644
3646
3647
3649
365
3650
3651
3652
3655
3656
366
3660
3661
3662
3664
3669
3670
3671
368
3680
3689
3692
3693
3694
3695
3696
3698
370
3700
3701
3704
3707
3708
3709
3710
3711
3722
3723
3731
3732
3734
3735
3737
375
3759
376
3760
377
3770
3771
3775
3778
378
3780
3781
3783
3784
3788
3789
3790
3791
3792
3797
3798
3799
38
3800
3802
3803
3804
3805
381
3812
383
384
385
3855
3856
3858
3861
3862
3863
3864
3866
387
3873
3875
3876
3877
388
3880
3882
3888
3890
3891
3892
3893
3895
3896
3897
3899
390
3900
3901
3902
3903
391
3917
3918
3920
3930
3931
3939
394
3943
3948
397
3978
3979
398
3981
3989
399
400
4002
4004
4006
4009
4010
4014
4015
4016
4020
4021
4022
4023
403
4033
4034
4035
4036
4038
4039
404
4040
4041
4043
4044
4045
4047
4048
4049
405
4050
4051
4052
4053
4055
4056
4058
4061
4062
4066
407
4073
4074
4076
4077
4078
4079
408
4083
4085
4087
4090
4097
4098
410
411
4115
4120
4121
4122
4123
4125
415
418
422
423
425
428
429
43
430
431
432
436
437
441
443
444
445
447
448
449
450
452
453
455
456
46
460
461
463
464
465
466
468
469
472
474
476
477
48
480
481
483
484
485
486
487
49
496
506
508
511
513
516
519
521
522
526
527
532
533
537
538
540
541
542
543
544
548
550
551
552
554
555
559
560
561
564
568
569
57
570
573
574
575
577
578
582
583
584
587
589
593
594
595
597
599
60
600
603
604
606
607
61
610
611
613
615
616
619
62
620
622
624
626
627
628
629
630
631
634
635
636
639
640
641
643
645
649
650
654
655
656
664
667
669
670
672
676
679
682
683
684
687
690
692
694
695
697
699
7
700
701
704
705
706
709
714
716
72
721
722
723
727
728
729
73
734
735
736
737
738
739
743
744
745
747
751
755
757
758
759
760
761
763
764
765
776
779
781
784
785
786
788
789
790
791
794
796
798
8
804
806
809
811
812
813
814
815
816
817
818
820
824
826
829
83
832
833
837
839
841
843
844
849
852
853
854
855
857
861
862
866
869
873
874
876
878
882
883
884
892
893
895
896
897
898
9
900
901
903
905
906
907
908
909
910
914
917
918
919
921
922
924
926
929
930
932
934
935
936
937
938
94
940
942
943
946
947
948
949
950
952
955
958
96
960
963
964
966
968
969
972
973
975
977
978
98
984
985
986
988
989
99
990
991
992
995
